           1   2.71335660166332       -3.28579178222649     
           2   2.71255009923961       -3.28404373047771     
           3   2.71120563887587       -3.28113158124630     
           4   2.70932278774814       -3.27705723897262     
           5   2.70690094322287       -3.27182336770438     
           6   2.70393933616596       -3.26543338892834     
           7   2.70043703518171       -3.25789147878317     
           8   2.69639295176982       -3.24920256465401     
           9   2.69180584638655       -3.23937232114939     
          10   2.68667433539322       -3.22840716546155     
          11   2.68099689887312       -3.21631425211086     
          12   2.67477188929537       -3.20310146707607     
          13   2.66799754100211       -3.18877742131142     
          14   2.66067198049297       -3.17335144365277     
          15   2.65279323747898       -3.15683357311460     
          16   2.64435925667565       -3.13923455058038     
          17   2.63536791030316       -3.12056580988907     
          18   2.62581701125990       -3.10083946832093     
          19   2.61570432693341       -3.08006831648626     
          20   2.60502759361155       -3.05826580762117     
          21   2.59378453145503       -3.03544604629501     
          22   2.58197285999075       -3.01162377653466     
          23   2.56959031408453       -2.98681436937132     
          24   2.55663466035035       -2.96103380981645     
          25   2.54310371395208       -2.93429868327364     
          26   2.52899535575299       -2.90662616139441     
          27   2.51430754976733       -2.87803398738639     
          28   2.49903836086760       -2.84854046078313     
          29   2.48318597270064       -2.81816442168570     
          30   2.46674870576528       -2.78692523448707     
          31   2.44972503560370       -2.75484277109093     
          32   2.43211361105897       -2.72193739363780     
          33   2.41391327255071       -2.68822993675197     
          34   2.39512307032125       -2.65374168932380     
          35   2.37574228260464       -2.61849437584292     
          36   2.35577043367139       -2.58251013729869     
          37   2.33520731170200       -2.54581151166550     
          38   2.31405298644337       -2.50842141399105     
          39   2.29230782660223       -2.47036311610720     
          40   2.26997251693111       -2.43166022598363     
          41   2.24704807496300       -2.39233666674561     
          42   2.22353586735173       -2.35241665537810     
          43   2.19943762577658       -2.31192468113949     
          44   2.17475546237040       -2.27088548370901     
          45   2.14949188463217       -2.22932403109281     
          46   2.12364980978606       -2.18726549731467     
          47   2.09723257855065       -2.14473523991810     
          48   2.07024396828342       -2.10175877730722     
          49   2.04268820546722       -2.05836176595491     
          50   2.01456997750721       -2.01456997750721     
          51   1.98589444380837       -1.97040927581361     
          52   1.95666724610544       -1.92590559391377     
          53   1.92689451801910       -1.88108491101140     
          54   1.89658289381408       -1.83597322946696     
          55   1.86573951633656       -1.79059655184095     
          56   1.83437204411058       -1.74498085802027     
          57   1.80248865757469       -1.69915208246018     
          58   1.77009806444251       -1.65313609157493     
          59   1.73720950417255       -1.60695866131020     
          60   1.70383275153488       -1.56064545493052     
          61   1.66997811926408       -1.51422200105517     
          62   1.63565645979015       -1.46771367197586     
          63   1.60087916604097       -1.42114566228927     
          64   1.56565817131185       -1.37454296787781     
          65   1.53000594819993       -1.32793036527112     
          66   1.49393550660294       -1.28133239142105     
          67   1.45746039078401       -1.23477332392207     
          68   1.42059467550600       -1.18827716170873     
          69   1.38335296124078       -1.14186760626126     
          70   1.34575036846088       -1.09556804334965     
          71   1.30780253102249       -1.04940152534588     
          72   1.26952558865091       -1.00339075413315     
          73   1.23093617854102      -0.957558064640090     
          74   1.19205142608718      -0.911925409026960     
          75   1.15288893475850      -0.866514341549764     
          76   1.11346677513722      -0.821346004127200     
          77   1.07380347313911      -0.776441112634077     
          78   1.03391799743653      -0.731819943943617     
          79  0.993829746106114      -0.687502323739750     
          80  0.953558532524346      -0.643507615119097     
          81  0.913124570535434      -0.599854708000882     
          82  0.872548458917329      -0.556562009361535     
          83  0.831851165172568      -0.513647434309116     
          84  0.791054008671823      -0.471128398011126     
          85  0.750178643178921      -0.429021808487560     
          86  0.709247038786963      -0.387344060279324     
          87  0.668281463296020      -0.346111029000403     
          88  0.627304463063543      -0.305338066780328     
          89  0.586338843359289      -0.265039998601660     
          90  0.545407648257108      -0.225231119535320     
          91  0.504534140096425      -0.185925192874711     
          92  0.463741778546631      -0.147135449167618     
          93  0.423054199307920      -0.108874586142964     
          94  0.382495192482350      -7.115476952750796E-002
          95  0.342088680649052      -3.398763474560343E-002
          96  0.301858696677622       2.615710506796071E-003
          97  0.261829361313708       3.864468282473968E-002
          98  0.222024860570746       7.408921880625655E-002
          99  0.182469422961696       0.108939769928444     
         100  0.143187296604367       0.143187296604366     
         101  0.184403792826627       0.112295755334106     
         102  0.225100770400443       8.179359048445523E-002
         103  0.265260378286401       5.169418131302472E-002
         104  0.304865001153197       2.201073041546975E-002
         105  0.343897267104295      -7.243742065597164E-003
         106  0.382340055297823      -3.605640415167793E-002
         107  0.420176503456329      -6.441461765691261E-002
         108  0.457390015263147      -9.230594373161111E-002
         109  0.493964267642082      -0.119718148318340     
         110  0.529883217917247      -0.146639207518186     
         111  0.565131110849921      -0.173057312864834     
         112  0.599692485549309      -0.198960876504153     
         113  0.633552182254204      -0.224338536277010     
         114  0.666695348982558      -0.249179160703088     
         115  0.699107448046052      -0.273471853863526     
         116  0.730774262426806      -0.297205960180219     
         117  0.761681902013436      -0.320371069089721     
         118  0.791816809693712      -0.342957019609647     
         119  0.821165767301157      -0.364953904795628     
         120  0.849715901412972      -0.386352076086818     
         121  0.877454688996745      -0.407142147538071     
         122  0.904369962903466      -0.427314999936932     
         123  0.930449917204443      -0.446861784803618     
         124  0.955683112369767      -0.465773928272260     
         125  0.980058480286074      -0.484043134851681     
         126   1.00356532911138      -0.501661391064071     
         127   1.02619334796489      -0.518620968959968     
         128   1.04793261144967      -0.534914429507986     
         129   1.06877358400625      -0.550534625857826     
         130   1.08870712409529      -0.565474706475117     
         131   1.10772448820728      -0.579728118146724     
         132   1.12581733469780      -0.593288608855210     
         133   1.14297772744639      -0.606150230521171     
         134   1.15919813933766      -0.618307341612264     
         135   1.17447145556285      -0.629754609617768     
         136   1.18879097674067      -0.640487013387601     
         137   1.20215042185587      -0.650499845334758     
         138   1.21454393101430      -0.659788713500222     
         139   1.22596606801323      -0.668349543479415     
         140   1.23641182272585      -0.676178580209370     
         141   1.24587661329893      -0.683272389615825     
         142   1.25435628816250      -0.689627860119522     
         143   1.26184712785091      -0.695242204001047     
         144   1.26834584663429      -0.700112958623619     
         145   1.27384959395981      -0.704237987513280     
         146   1.27835595570199      -0.707615481296025     
         147   1.28186295522163      -0.710243958491455     
         148   1.28436905423283      -0.712122266162599     
         149   1.28587315347775      -0.713249580421634     
         150   1.28637459320873      -0.713625406791268     
         151   1.28587315347775      -0.713249580421634     
         152   1.28436905423283      -0.712122266162599     
         153   1.28186295522163      -0.710243958491455     
         154   1.27835595570199      -0.707615481296025     
         155   1.27384959395981      -0.704237987513280     
         156   1.26834584663429      -0.700112958623619     
         157   1.26184712785091      -0.695242204001047     
         158   1.25435628816250      -0.689627860119522     
         159   1.24587661329893      -0.683272389615825     
         160   1.23641182272585      -0.676178580209370     
         161   1.22596606801323      -0.668349543479415     
         162   1.21454393101430      -0.659788713500222     
         163   1.20215042185587      -0.650499845334758     
         164   1.18879097674067      -0.640487013387601     
         165   1.17447145556285      -0.629754609617768     
         166   1.15919813933766      -0.618307341612264     
         167   1.14297772744639      -0.606150230521171     
         168   1.12581733469780      -0.593288608855210     
         169   1.10772448820728      -0.579728118146724     
         170   1.08870712409529      -0.565474706475117     
         171   1.06877358400625      -0.550534625857826     
         172   1.04793261144967      -0.534914429507986     
         173   1.02619334796489      -0.518620968959967     
         174   1.00356532911138      -0.501661391064071     
         175  0.980058480286074      -0.484043134851680     
         176  0.955683112369767      -0.465773928272260     
         177  0.930449917204443      -0.446861784803618     
         178  0.904369962903466      -0.427314999936932     
         179  0.877454688996745      -0.407142147538071     
         180  0.849715901412972      -0.386352076086818     
         181  0.821165767301157      -0.364953904795628     
         182  0.791816809693712      -0.342957019609647     
         183  0.761681902013436      -0.320371069089721     
         184  0.730774262426807      -0.297205960180220     
         185  0.699107448046052      -0.273471853863525     
         186  0.666695348982558      -0.249179160703089     
         187  0.633552182254204      -0.224338536277010     
         188  0.599692485549308      -0.198960876504153     
         189  0.565131110849920      -0.173057312864834     
         190  0.529883217917247      -0.146639207518186     
         191  0.493964267642082      -0.119718148318340     
         192  0.457390015263147      -9.230594373161111E-002
         193  0.420176503456329      -6.441461765691261E-002
         194  0.382340055297823      -3.605640415167821E-002
         195  0.343897267104295      -7.243742065597164E-003
         196  0.304865001153197       2.201073041546975E-002
         197  0.265260378286401       5.169418131302472E-002
         198  0.225100770400443       8.179359048445545E-002
         199  0.184403792826627       0.112295755334106     
         200  0.143187296604367       0.143187296604366     
         201  0.182469422961696       0.108939769928444     
         202  0.222024860570746       7.408921880625657E-002
         203  0.261829361313708       3.864468282473968E-002
         204  0.301858696677623       2.615710506795377E-003
         205  0.342088680649052      -3.398763474560343E-002
         206  0.382495192482350      -7.115476952750796E-002
         207  0.423054199307920      -0.108874586142964     
         208  0.463741778546631      -0.147135449167618     
         209  0.504534140096425      -0.185925192874711     
         210  0.545407648257108      -0.225231119535320     
         211  0.586338843359289      -0.265039998601660     
         212  0.627304463063543      -0.305338066780328     
         213  0.668281463296020      -0.346111029000403     
         214  0.709247038786963      -0.387344060279324     
         215  0.750178643178921      -0.429021808487561     
         216  0.791054008671824      -0.471128398011127     
         217  0.831851165172568      -0.513647434309116     
         218  0.872548458917329      -0.556562009361535     
         219  0.913124570535434      -0.599854708000882     
         220  0.953558532524345      -0.643507615119096     
         221  0.993829746106114      -0.687502323739750     
         222   1.03391799743653      -0.731819943943617     
         223   1.07380347313911      -0.776441112634077     
         224   1.11346677513722      -0.821346004127200     
         225   1.15288893475850      -0.866514341549764     
         226   1.19205142608718      -0.911925409026960     
         227   1.23093617854102      -0.957558064640090     
         228   1.26952558865091       -1.00339075413315     
         229   1.30780253102249       -1.04940152534588     
         230   1.34575036846088       -1.09556804334965     
         231   1.38335296124078       -1.14186760626126     
         232   1.42059467550600       -1.18827716170873     
         233   1.45746039078401       -1.23477332392207     
         234   1.49393550660294       -1.28133239142105     
         235   1.53000594819993       -1.32793036527112     
         236   1.56565817131185       -1.37454296787781     
         237   1.60087916604097       -1.42114566228927     
         238   1.63565645979015       -1.46771367197586     
         239   1.66997811926408       -1.51422200105517     
         240   1.70383275153488       -1.56064545493052     
         241   1.73720950417255       -1.60695866131020     
         242   1.77009806444251       -1.65313609157493     
         243   1.80248865757469       -1.69915208246018     
         244   1.83437204411058       -1.74498085802027     
         245   1.86573951633656       -1.79059655184095     
         246   1.89658289381408       -1.83597322946696     
         247   1.92689451801910       -1.88108491101140     
         248   1.95666724610544       -1.92590559391377     
         249   1.98589444380837       -1.97040927581361     
         250   2.01456997750721       -2.01456997750721     
         251   2.04268820546722       -2.05836176595491     
         252   2.07024396828342       -2.10175877730722     
         253   2.09723257855065       -2.14473523991810     
         254   2.12364980978606       -2.18726549731467     
         255   2.14949188463217       -2.22932403109281     
         256   2.17475546237040       -2.27088548370901     
         257   2.19943762577658       -2.31192468113949     
         258   2.22353586735173       -2.35241665537810     
         259   2.24704807496300       -2.39233666674561     
         260   2.26997251693111       -2.43166022598363     
         261   2.29230782660223       -2.47036311610720     
         262   2.31405298644338       -2.50842141399105     
         263   2.33520731170200       -2.54581151166550     
         264   2.35577043367139       -2.58251013729869     
         265   2.37574228260464       -2.61849437584292     
         266   2.39512307032125       -2.65374168932380     
         267   2.41391327255071       -2.68822993675197     
         268   2.43211361105897       -2.72193739363780     
         269   2.44972503560370       -2.75484277109093     
         270   2.46674870576528       -2.78692523448707     
         271   2.48318597270064       -2.81816442168570     
         272   2.49903836086760       -2.84854046078313     
         273   2.51430754976733       -2.87803398738639     
         274   2.52899535575299       -2.90662616139441     
         275   2.54310371395208       -2.93429868327364     
         276   2.55663466035035       -2.96103380981645     
         277   2.56959031408453       -2.98681436937132     
         278   2.58197285999075       -3.01162377653466     
         279   2.59378453145503       -3.03544604629501     
         280   2.60502759361155       -3.05826580762117     
         281   2.61570432693341       -3.08006831648626     
         282   2.62581701125990       -3.10083946832093     
         283   2.63536791030317       -3.12056580988907     
         284   2.64435925667565       -3.13923455058038     
         285   2.65279323747898       -3.15683357311460     
         286   2.66067198049297       -3.17335144365277     
         287   2.66799754100211       -3.18877742131142     
         288   2.67477188929537       -3.20310146707607     
         289   2.68099689887312       -3.21631425211086     
         290   2.68667433539322       -3.22840716546154     
         291   2.69180584638655       -3.23937232114939     
         292   2.69639295176982       -3.24920256465401     
         293   2.70043703518171       -3.25789147878317     
         294   2.70393933616596       -3.26543338892834     
         295   2.70690094322287       -3.27182336770438     
         296   2.70932278774814       -3.27705723897262     
         297   2.71120563887587       -3.28113158124630     
         298   2.71255009923961       -3.28404373047771     
         299   2.71335660166332       -3.28579178222649     
         300   2.71362540679127       -3.28637459320873     
